[[ 0.  0.  0.]
 [ 0.  0.  0.]
 [ 0.  0.  0.]
 [ 0.  0.  0.]
 [ 0.  0.  0.]
 [ 0.  0.  0.]
 [ 0.  0.  0.]
 [ 0.  0.  0.]
 [ 0.  0.  0.]
 [ 0.  0.  0.]
 [ 0.  0.  0.]
 [ 0.  0.  0.]
 [ 0.  0.  0.]
 [ 0.  0.  0.]
 [ 0.  0.  0.]
 [ 0.  0.  0.]]
#################
[[ 0.16995838  0.          1.        ]
 [ 0.16995838  0.          1.        ]
 [ 0.16995838  0.          1.        ]
 [ 0.16995838  0.          1.        ]
 [ 0.16995838  0.          1.        ]
 [ 0.16995838  0.          1.        ]
 [ 0.29236212  0.05774194  1.        ]
 [ 0.27295525  0.0325078   1.        ]
 [ 0.36451613  0.0648283   1.        ]
 [ 0.36703434  0.05991675  1.        ]
 [ 0.37376691  0.0737565   1.        ]
 [ 0.28310094  0.05439126  1.        ]
 [ 0.43608741  0.09819979  1.        ]
 [ 0.36598335  0.07407908  1.        ]
 [ 0.33152966  0.07825182  1.        ]
 [ 0.23537981  0.05943809  1.        ]]
#################
[[  2.74817898e-01   1.09261186e-03   1.00000000e+00]
 [  2.74817898e-01   1.09261186e-03   1.00000000e+00]
 [  2.74817898e-01   1.09261186e-03   1.00000000e+00]
 [  2.74817898e-01   1.09261186e-03   1.00000000e+00]
 [  2.74817898e-01   1.09261186e-03   1.00000000e+00]
 [  2.74620187e-01   1.10301769e-03   1.00000000e+00]
 [  2.39115505e-01   9.26118626e-04   1.00000000e+00]
 [  2.35775234e-01   4.13111342e-03   1.00000000e+00]
 [  3.36971904e-01   4.39021852e-02   1.00000000e+00]
 [  3.37023933e-01   4.67013528e-02   1.00000000e+00]
 [  3.49177940e-01   4.84183143e-02   1.00000000e+00]
 [  3.24942768e-01   5.66701353e-02   1.00000000e+00]
 [  3.16493236e-01   6.01977107e-02   1.00000000e+00]
 [  3.03537981e-01   5.82101977e-02   1.00000000e+00]
 [  4.08563996e-01   1.17533819e-01   1.00000000e+00]
 [  2.61238293e-01   6.88137357e-02   1.00000000e+00]]
#################
[[ 0.59405827  0.44578564  1.        ]
 [ 0.57308012  0.20335068  1.        ]
 [ 0.57308012  0.20335068  1.        ]
 [ 0.57308012  0.20335068  1.        ]
 [ 0.57292404  0.2037565   1.        ]
 [ 0.57169615  0.23148803  1.        ]
 [ 0.56639958  0.1860666   1.        ]
 [ 0.56366285  0.2362435   1.        ]
 [ 0.39646202  0.10202914  1.        ]
 [ 0.44105099  0.1049948   1.        ]
 [ 0.41346514  0.10439126  1.        ]
 [ 0.48677419  0.16955255  1.        ]
 [ 0.42389178  0.10560874  1.        ]
 [ 0.47350676  0.20037461  1.        ]
 [ 0.385359    0.09187305  1.        ]
 [ 0.34654527  0.1312487   1.        ]]
#################
[[ 0.37244537  0.03698231  1.        ]
 [ 0.37244537  0.03698231  1.        ]
 [ 0.37244537  0.03698231  1.        ]
 [ 0.37244537  0.03698231  1.        ]
 [ 0.37244537  0.03699272  1.        ]
 [ 0.38210198  0.06456816  1.        ]
 [ 0.40001041  0.08843913  1.        ]
 [ 0.40943809  0.08611863  1.        ]
 [ 0.39266389  0.04367326  1.        ]
 [ 0.40491155  0.04478668  1.        ]
 [ 0.37918835  0.03331946  1.        ]
 [ 0.33768991  0.04473465  1.        ]
 [ 0.36768991  0.08003122  1.        ]
 [ 0.43026015  0.10110302  1.        ]
 [ 0.3608845   0.07062435  1.        ]
 [ 0.28543184  0.0833923   1.        ]]
#################
[[ 0.          0.          1.        ]
 [ 0.          0.          1.        ]
 [ 0.          0.          1.        ]
 [ 0.          0.          1.        ]
 [ 0.          0.          1.        ]
 [ 0.          0.          1.        ]
 [ 0.04862643  0.          1.        ]
 [ 0.10400624  0.          1.        ]
 [ 0.14802289  0.          1.        ]
 [ 0.18027055  0.          1.        ]
 [ 0.19674298  0.          1.        ]
 [ 0.33599376  0.12581686  1.        ]
 [ 0.34627471  0.1257232   1.        ]
 [ 0.32043704  0.10394381  1.        ]
 [ 0.25711759  0.11011446  1.        ]
 [ 0.19383975  0.08831426  1.        ]]
#################
[[ 0.          0.          1.        ]
 [ 0.          0.          1.        ]
 [ 0.          0.          1.        ]
 [ 0.          0.          1.        ]
 [ 0.          0.          1.        ]
 [ 0.          0.          1.        ]
 [ 0.04288241  0.          1.        ]
 [ 0.11075963  0.          1.        ]
 [ 0.16603538  0.          1.        ]
 [ 0.15311134  0.          1.        ]
 [ 0.24297607  0.0053486   1.        ]
 [ 0.27853278  0.08290323  1.        ]
 [ 0.35417274  0.15771072  1.        ]
 [ 0.33728408  0.15368366  1.        ]
 [ 0.32960458  0.12968783  1.        ]
 [ 0.30979188  0.11598335  1.        ]]
#################
[[ 0.  0.  0.]
 [ 0.  0.  0.]
 [ 0.  0.  0.]
 [ 0.  0.  0.]
 [ 0.  0.  0.]
 [ 0.  0.  0.]
 [ 0.  0.  0.]
 [ 0.  0.  0.]
 [ 0.  0.  0.]
 [ 0.  0.  0.]
 [ 0.  0.  0.]
 [ 0.  0.  0.]
 [ 0.  0.  0.]
 [ 0.  0.  0.]
 [ 0.  0.  0.]
 [ 0.  0.  0.]]
#################
[[ 0.16995838  0.          1.        ]
 [ 0.16995838  0.          1.        ]
 [ 0.16995838  0.          1.        ]
 [ 0.16995838  0.          1.        ]
 [ 0.16995838  0.          1.        ]
 [ 0.16995838  0.          1.        ]
 [ 0.29236212  0.05774194  1.        ]
 [ 0.27295525  0.0325078   1.        ]
 [ 0.36451613  0.0648283   1.        ]
 [ 0.36703434  0.05991675  1.        ]
 [ 0.37376691  0.0737565   1.        ]
 [ 0.28310094  0.05439126  1.        ]
 [ 0.43608741  0.09819979  1.        ]
 [ 0.36598335  0.07407908  1.        ]
 [ 0.33152966  0.07825182  1.        ]
 [ 0.23537981  0.05943809  1.        ]]
#################
[[  2.74817898e-01   1.09261186e-03   1.00000000e+00]
 [  2.74817898e-01   1.09261186e-03   1.00000000e+00]
 [  2.74817898e-01   1.09261186e-03   1.00000000e+00]
 [  2.74817898e-01   1.09261186e-03   1.00000000e+00]
 [  2.74817898e-01   1.09261186e-03   1.00000000e+00]
 [  2.74620187e-01   1.10301769e-03   1.00000000e+00]
 [  2.39115505e-01   9.26118626e-04   1.00000000e+00]
 [  2.35775234e-01   4.13111342e-03   1.00000000e+00]
 [  3.36971904e-01   4.39021852e-02   1.00000000e+00]
 [  3.37023933e-01   4.67013528e-02   1.00000000e+00]
 [  3.49177940e-01   4.84183143e-02   1.00000000e+00]
 [  3.24942768e-01   5.66701353e-02   1.00000000e+00]
 [  3.16493236e-01   6.01977107e-02   1.00000000e+00]
 [  3.03537981e-01   5.82101977e-02   1.00000000e+00]
 [  4.08563996e-01   1.17533819e-01   1.00000000e+00]
 [  2.61238293e-01   6.88137357e-02   1.00000000e+00]]
#################
[[ 0.59405827  0.44578564  1.        ]
 [ 0.57308012  0.20335068  1.        ]
 [ 0.57308012  0.20335068  1.        ]
 [ 0.57308012  0.20335068  1.        ]
 [ 0.57292404  0.2037565   1.        ]
 [ 0.57169615  0.23148803  1.        ]
 [ 0.56639958  0.1860666   1.        ]
 [ 0.56366285  0.2362435   1.        ]
 [ 0.39646202  0.10202914  1.        ]
 [ 0.44105099  0.1049948   1.        ]
 [ 0.41346514  0.10439126  1.        ]
 [ 0.48677419  0.16955255  1.        ]
 [ 0.42389178  0.10560874  1.        ]
 [ 0.47350676  0.20037461  1.        ]
 [ 0.385359    0.09187305  1.        ]
 [ 0.34654527  0.1312487   1.        ]]
#################
[[ 0.37244537  0.03698231  1.        ]
 [ 0.37244537  0.03698231  1.        ]
 [ 0.37244537  0.03698231  1.        ]
 [ 0.37244537  0.03698231  1.        ]
 [ 0.37244537  0.03699272  1.        ]
 [ 0.38210198  0.06456816  1.        ]
 [ 0.40001041  0.08843913  1.        ]
 [ 0.40943809  0.08611863  1.        ]
 [ 0.39266389  0.04367326  1.        ]
 [ 0.40491155  0.04478668  1.        ]
 [ 0.37918835  0.03331946  1.        ]
 [ 0.33768991  0.04473465  1.        ]
 [ 0.36768991  0.08003122  1.        ]
 [ 0.43026015  0.10110302  1.        ]
 [ 0.3608845   0.07062435  1.        ]
 [ 0.28543184  0.0833923   1.        ]]
#################
[[ 0.          0.          1.        ]
 [ 0.          0.          1.        ]
 [ 0.          0.          1.        ]
 [ 0.          0.          1.        ]
 [ 0.          0.          1.        ]
 [ 0.          0.          1.        ]
 [ 0.04862643  0.          1.        ]
 [ 0.10400624  0.          1.        ]
 [ 0.14802289  0.          1.        ]
 [ 0.18027055  0.          1.        ]
 [ 0.19674298  0.          1.        ]
 [ 0.33599376  0.12581686  1.        ]
 [ 0.34627471  0.1257232   1.        ]
 [ 0.32043704  0.10394381  1.        ]
 [ 0.25711759  0.11011446  1.        ]
 [ 0.19383975  0.08831426  1.        ]]
#################
[[ 0.          0.          1.        ]
 [ 0.          0.          1.        ]
 [ 0.          0.          1.        ]
 [ 0.          0.          1.        ]
 [ 0.          0.          1.        ]
 [ 0.          0.          1.        ]
 [ 0.04288241  0.          1.        ]
 [ 0.11075963  0.          1.        ]
 [ 0.16603538  0.          1.        ]
 [ 0.15311134  0.          1.        ]
 [ 0.24297607  0.0053486   1.        ]
 [ 0.27853278  0.08290323  1.        ]
 [ 0.35417274  0.15771072  1.        ]
 [ 0.33728408  0.15368366  1.        ]
 [ 0.32960458  0.12968783  1.        ]
 [ 0.30979188  0.11598335  1.        ]]
#################
[[ 0.  0.  0.]
 [ 0.  0.  0.]
 [ 0.  0.  0.]
 [ 0.  0.  0.]
 [ 0.  0.  0.]
 [ 0.  0.  0.]
 [ 0.  0.  0.]
 [ 0.  0.  0.]
 [ 0.  0.  0.]
 [ 0.  0.  0.]
 [ 0.  0.  0.]
 [ 0.  0.  0.]
 [ 0.  0.  0.]
 [ 0.  0.  0.]
 [ 0.  0.  0.]
 [ 0.  0.  0.]]
#################
[[ 0.16995838  0.          1.        ]
 [ 0.16995838  0.          1.        ]
 [ 0.16995838  0.          1.        ]
 [ 0.16995838  0.          1.        ]
 [ 0.16995838  0.          1.        ]
 [ 0.16995838  0.          1.        ]
 [ 0.29236212  0.05774194  1.        ]
 [ 0.27295525  0.0325078   1.        ]
 [ 0.36451613  0.0648283   1.        ]
 [ 0.36703434  0.05991675  1.        ]
 [ 0.37376691  0.0737565   1.        ]
 [ 0.28310094  0.05439126  1.        ]
 [ 0.43608741  0.09819979  1.        ]
 [ 0.36598335  0.07407908  1.        ]
 [ 0.33152966  0.07825182  1.        ]
 [ 0.23537981  0.05943809  1.        ]]
#################
[[  2.74817898e-01   1.09261186e-03   1.00000000e+00]
 [  2.74817898e-01   1.09261186e-03   1.00000000e+00]
 [  2.74817898e-01   1.09261186e-03   1.00000000e+00]
 [  2.74817898e-01   1.09261186e-03   1.00000000e+00]
 [  2.74817898e-01   1.09261186e-03   1.00000000e+00]
 [  2.74620187e-01   1.10301769e-03   1.00000000e+00]
 [  2.39115505e-01   9.26118626e-04   1.00000000e+00]
 [  2.35775234e-01   4.13111342e-03   1.00000000e+00]
 [  3.36971904e-01   4.39021852e-02   1.00000000e+00]
 [  3.37023933e-01   4.67013528e-02   1.00000000e+00]
 [  3.49177940e-01   4.84183143e-02   1.00000000e+00]
 [  3.24942768e-01   5.66701353e-02   1.00000000e+00]
 [  3.16493236e-01   6.01977107e-02   1.00000000e+00]
 [  3.03537981e-01   5.82101977e-02   1.00000000e+00]
 [  4.08563996e-01   1.17533819e-01   1.00000000e+00]
 [  2.61238293e-01   6.88137357e-02   1.00000000e+00]]
#################
[[ 0.59405827  0.44578564  1.        ]
 [ 0.57308012  0.20335068  1.        ]
 [ 0.57308012  0.20335068  1.        ]
 [ 0.57308012  0.20335068  1.        ]
 [ 0.57292404  0.2037565   1.        ]
 [ 0.57169615  0.23148803  1.        ]
 [ 0.56639958  0.1860666   1.        ]
 [ 0.56366285  0.2362435   1.        ]
 [ 0.39646202  0.10202914  1.        ]
 [ 0.44105099  0.1049948   1.        ]
 [ 0.41346514  0.10439126  1.        ]
 [ 0.48677419  0.16955255  1.        ]
 [ 0.42389178  0.10560874  1.        ]
 [ 0.47350676  0.20037461  1.        ]
 [ 0.385359    0.09187305  1.        ]
 [ 0.34654527  0.1312487   1.        ]]
#################
[[ 0.37244537  0.03698231  1.        ]
 [ 0.37244537  0.03698231  1.        ]
 [ 0.37244537  0.03698231  1.        ]
 [ 0.37244537  0.03698231  1.        ]
 [ 0.37244537  0.03699272  1.        ]
 [ 0.38210198  0.06456816  1.        ]
 [ 0.40001041  0.08843913  1.        ]
 [ 0.40943809  0.08611863  1.        ]
 [ 0.39266389  0.04367326  1.        ]
 [ 0.40491155  0.04478668  1.        ]
 [ 0.37918835  0.03331946  1.        ]
 [ 0.33768991  0.04473465  1.        ]
 [ 0.36768991  0.08003122  1.        ]
 [ 0.43026015  0.10110302  1.        ]
 [ 0.3608845   0.07062435  1.        ]
 [ 0.28543184  0.0833923   1.        ]]
#################
[[ 0.          0.          1.        ]
 [ 0.          0.          1.        ]
 [ 0.          0.          1.        ]
 [ 0.          0.          1.        ]
 [ 0.          0.          1.        ]
 [ 0.          0.          1.        ]
 [ 0.04862643  0.          1.        ]
 [ 0.10400624  0.          1.        ]
 [ 0.14802289  0.          1.        ]
 [ 0.18027055  0.          1.        ]
 [ 0.19674298  0.          1.        ]
 [ 0.33599376  0.12581686  1.        ]
 [ 0.34627471  0.1257232   1.        ]
 [ 0.32043704  0.10394381  1.        ]
 [ 0.25711759  0.11011446  1.        ]
 [ 0.19383975  0.08831426  1.        ]]
#################
[[ 0.          0.          1.        ]
 [ 0.          0.          1.        ]
 [ 0.          0.          1.        ]
 [ 0.          0.          1.        ]
 [ 0.          0.          1.        ]
 [ 0.          0.          1.        ]
 [ 0.04288241  0.          1.        ]
 [ 0.11075963  0.          1.        ]
 [ 0.16603538  0.          1.        ]
 [ 0.15311134  0.          1.        ]
 [ 0.24297607  0.0053486   1.        ]
 [ 0.27853278  0.08290323  1.        ]
 [ 0.35417274  0.15771072  1.        ]
 [ 0.33728408  0.15368366  1.        ]
 [ 0.32960458  0.12968783  1.        ]
 [ 0.30979188  0.11598335  1.        ]]
#################
[[ 0.  0.  0.]
 [ 0.  0.  0.]
 [ 0.  0.  0.]
 [ 0.  0.  0.]
 [ 0.  0.  0.]
 [ 0.  0.  0.]
 [ 0.  0.  0.]
 [ 0.  0.  0.]
 [ 0.  0.  0.]
 [ 0.  0.  0.]
 [ 0.  0.  0.]
 [ 0.  0.  0.]
 [ 0.  0.  0.]
 [ 0.  0.  0.]
 [ 0.  0.  0.]
 [ 0.  0.  0.]]
#################
[[ 0.16995838  0.          1.        ]
 [ 0.16995838  0.          1.        ]
 [ 0.16995838  0.          1.        ]
 [ 0.16995838  0.          1.        ]
 [ 0.16995838  0.          1.        ]
 [ 0.16995838  0.          1.        ]
 [ 0.29236212  0.05774194  1.        ]
 [ 0.27295525  0.0325078   1.        ]
 [ 0.36451613  0.0648283   1.        ]
 [ 0.36703434  0.05991675  1.        ]
 [ 0.37376691  0.0737565   1.        ]
 [ 0.28310094  0.05439126  1.        ]
 [ 0.43608741  0.09819979  1.        ]
 [ 0.36598335  0.07407908  1.        ]
 [ 0.33152966  0.07825182  1.        ]
 [ 0.23537981  0.05943809  1.        ]]
#################
[[  2.74817898e-01   1.09261186e-03   1.00000000e+00]
 [  2.74817898e-01   1.09261186e-03   1.00000000e+00]
 [  2.74817898e-01   1.09261186e-03   1.00000000e+00]
 [  2.74817898e-01   1.09261186e-03   1.00000000e+00]
 [  2.74817898e-01   1.09261186e-03   1.00000000e+00]
 [  2.74620187e-01   1.10301769e-03   1.00000000e+00]
 [  2.39115505e-01   9.26118626e-04   1.00000000e+00]
 [  2.35775234e-01   4.13111342e-03   1.00000000e+00]
 [  3.36971904e-01   4.39021852e-02   1.00000000e+00]
 [  3.37023933e-01   4.67013528e-02   1.00000000e+00]
 [  3.49177940e-01   4.84183143e-02   1.00000000e+00]
 [  3.24942768e-01   5.66701353e-02   1.00000000e+00]
 [  3.16493236e-01   6.01977107e-02   1.00000000e+00]
 [  3.03537981e-01   5.82101977e-02   1.00000000e+00]
 [  4.08563996e-01   1.17533819e-01   1.00000000e+00]
 [  2.61238293e-01   6.88137357e-02   1.00000000e+00]]
#################
[[ 0.59405827  0.44578564  1.        ]
 [ 0.57308012  0.20335068  1.        ]
 [ 0.57308012  0.20335068  1.        ]
 [ 0.57308012  0.20335068  1.        ]
 [ 0.57292404  0.2037565   1.        ]
 [ 0.57169615  0.23148803  1.        ]
 [ 0.56639958  0.1860666   1.        ]
 [ 0.56366285  0.2362435   1.        ]
 [ 0.39646202  0.10202914  1.        ]
 [ 0.44105099  0.1049948   1.        ]
 [ 0.41346514  0.10439126  1.        ]
 [ 0.48677419  0.16955255  1.        ]
 [ 0.42389178  0.10560874  1.        ]
 [ 0.47350676  0.20037461  1.        ]
 [ 0.385359    0.09187305  1.        ]
 [ 0.34654527  0.1312487   1.        ]]
#################
[[ 0.37244537  0.03698231  1.        ]
 [ 0.37244537  0.03698231  1.        ]
 [ 0.37244537  0.03698231  1.        ]
 [ 0.37244537  0.03698231  1.        ]
 [ 0.37244537  0.03699272  1.        ]
 [ 0.38210198  0.06456816  1.        ]
 [ 0.40001041  0.08843913  1.        ]
 [ 0.40943809  0.08611863  1.        ]
 [ 0.39266389  0.04367326  1.        ]
 [ 0.40491155  0.04478668  1.        ]
 [ 0.37918835  0.03331946  1.        ]
 [ 0.33768991  0.04473465  1.        ]
 [ 0.36768991  0.08003122  1.        ]
 [ 0.43026015  0.10110302  1.        ]
 [ 0.3608845   0.07062435  1.        ]
 [ 0.28543184  0.0833923   1.        ]]
#################
[[ 0.          0.          1.        ]
 [ 0.          0.          1.        ]
 [ 0.          0.          1.        ]
 [ 0.          0.          1.        ]
 [ 0.          0.          1.        ]
 [ 0.          0.          1.        ]
 [ 0.04862643  0.          1.        ]
 [ 0.10400624  0.          1.        ]
 [ 0.14802289  0.          1.        ]
 [ 0.18027055  0.          1.        ]
 [ 0.19674298  0.          1.        ]
 [ 0.33599376  0.12581686  1.        ]
 [ 0.34627471  0.1257232   1.        ]
 [ 0.32043704  0.10394381  1.        ]
 [ 0.25711759  0.11011446  1.        ]
 [ 0.19383975  0.08831426  1.        ]]
#################
[[ 0.          0.          1.        ]
 [ 0.          0.          1.        ]
 [ 0.          0.          1.        ]
 [ 0.          0.          1.        ]
 [ 0.          0.          1.        ]
 [ 0.          0.          1.        ]
 [ 0.04288241  0.          1.        ]
 [ 0.11075963  0.          1.        ]
 [ 0.16603538  0.          1.        ]
 [ 0.15311134  0.          1.        ]
 [ 0.24297607  0.0053486   1.        ]
 [ 0.27853278  0.08290323  1.        ]
 [ 0.35417274  0.15771072  1.        ]
 [ 0.33728408  0.15368366  1.        ]
 [ 0.32960458  0.12968783  1.        ]
 [ 0.30979188  0.11598335  1.        ]]
#################
[[ 0.  0.  0.]
 [ 0.  0.  0.]
 [ 0.  0.  0.]
 [ 0.  0.  0.]
 [ 0.  0.  0.]
 [ 0.  0.  0.]
 [ 0.  0.  0.]
 [ 0.  0.  0.]
 [ 0.  0.  0.]
 [ 0.  0.  0.]
 [ 0.  0.  0.]
 [ 0.  0.  0.]
 [ 0.  0.  0.]
 [ 0.  0.  0.]
 [ 0.  0.  0.]
 [ 0.  0.  0.]]
#################
[[ 0.16995838  0.          1.        ]
 [ 0.16995838  0.          1.        ]
 [ 0.16995838  0.          1.        ]
 [ 0.16995838  0.          1.        ]
 [ 0.16995838  0.          1.        ]
 [ 0.16995838  0.          1.        ]
 [ 0.29236212  0.05774194  1.        ]
 [ 0.27295525  0.0325078   1.        ]
 [ 0.36451613  0.0648283   1.        ]
 [ 0.36703434  0.05991675  1.        ]
 [ 0.37376691  0.0737565   1.        ]
 [ 0.28310094  0.05439126  1.        ]
 [ 0.43608741  0.09819979  1.        ]
 [ 0.36598335  0.07407908  1.        ]
 [ 0.33152966  0.07825182  1.        ]
 [ 0.23537981  0.05943809  1.        ]]
#################
[[  2.74817898e-01   1.09261186e-03   1.00000000e+00]
 [  2.74817898e-01   1.09261186e-03   1.00000000e+00]
 [  2.74817898e-01   1.09261186e-03   1.00000000e+00]
 [  2.74817898e-01   1.09261186e-03   1.00000000e+00]
 [  2.74817898e-01   1.09261186e-03   1.00000000e+00]
 [  2.74620187e-01   1.10301769e-03   1.00000000e+00]
 [  2.39115505e-01   9.26118626e-04   1.00000000e+00]
 [  2.35775234e-01   4.13111342e-03   1.00000000e+00]
 [  3.36971904e-01   4.39021852e-02   1.00000000e+00]
 [  3.37023933e-01   4.67013528e-02   1.00000000e+00]
 [  3.49177940e-01   4.84183143e-02   1.00000000e+00]
 [  3.24942768e-01   5.66701353e-02   1.00000000e+00]
 [  3.16493236e-01   6.01977107e-02   1.00000000e+00]
 [  3.03537981e-01   5.82101977e-02   1.00000000e+00]
 [  4.08563996e-01   1.17533819e-01   1.00000000e+00]
 [  2.61238293e-01   6.88137357e-02   1.00000000e+00]]
#################
[[ 0.59405827  0.44578564  1.        ]
 [ 0.57308012  0.20335068  1.        ]
 [ 0.57308012  0.20335068  1.        ]
 [ 0.57308012  0.20335068  1.        ]
 [ 0.57292404  0.2037565   1.        ]
 [ 0.57169615  0.23148803  1.        ]
 [ 0.56639958  0.1860666   1.        ]
 [ 0.56366285  0.2362435   1.        ]
 [ 0.39646202  0.10202914  1.        ]
 [ 0.44105099  0.1049948   1.        ]
 [ 0.41346514  0.10439126  1.        ]
 [ 0.48677419  0.16955255  1.        ]
 [ 0.42389178  0.10560874  1.        ]
 [ 0.47350676  0.20037461  1.        ]
 [ 0.385359    0.09187305  1.        ]
 [ 0.34654527  0.1312487   1.        ]]
#################
[[ 0.37244537  0.03698231  1.        ]
 [ 0.37244537  0.03698231  1.        ]
 [ 0.37244537  0.03698231  1.        ]
 [ 0.37244537  0.03698231  1.        ]
 [ 0.37244537  0.03699272  1.        ]
 [ 0.38210198  0.06456816  1.        ]
 [ 0.40001041  0.08843913  1.        ]
 [ 0.40943809  0.08611863  1.        ]
 [ 0.39266389  0.04367326  1.        ]
 [ 0.40491155  0.04478668  1.        ]
 [ 0.37918835  0.03331946  1.        ]
 [ 0.33768991  0.04473465  1.        ]
 [ 0.36768991  0.08003122  1.        ]
 [ 0.43026015  0.10110302  1.        ]
 [ 0.3608845   0.07062435  1.        ]
 [ 0.28543184  0.0833923   1.        ]]
#################
[[ 0.          0.          1.        ]
 [ 0.          0.          1.        ]
 [ 0.          0.          1.        ]
 [ 0.          0.          1.        ]
 [ 0.          0.          1.        ]
 [ 0.          0.          1.        ]
 [ 0.04862643  0.          1.        ]
 [ 0.10400624  0.          1.        ]
 [ 0.14802289  0.          1.        ]
 [ 0.18027055  0.          1.        ]
 [ 0.19674298  0.          1.        ]
 [ 0.33599376  0.12581686  1.        ]
 [ 0.34627471  0.1257232   1.        ]
 [ 0.32043704  0.10394381  1.        ]
 [ 0.25711759  0.11011446  1.        ]
 [ 0.19383975  0.08831426  1.        ]]
#################
[[ 0.          0.          1.        ]
 [ 0.          0.          1.        ]
 [ 0.          0.          1.        ]
 [ 0.          0.          1.        ]
 [ 0.          0.          1.        ]
 [ 0.          0.          1.        ]
 [ 0.04288241  0.          1.        ]
 [ 0.11075963  0.          1.        ]
 [ 0.16603538  0.          1.        ]
 [ 0.15311134  0.          1.        ]
 [ 0.24297607  0.0053486   1.        ]
 [ 0.27853278  0.08290323  1.        ]
 [ 0.35417274  0.15771072  1.        ]
 [ 0.33728408  0.15368366  1.        ]
 [ 0.32960458  0.12968783  1.        ]
 [ 0.30979188  0.11598335  1.        ]]
#################
[[ 0.  0.  0.]
 [ 0.  0.  0.]
 [ 0.  0.  0.]
 [ 0.  0.  0.]
 [ 0.  0.  0.]
 [ 0.  0.  0.]
 [ 0.  0.  0.]
 [ 0.  0.  0.]
 [ 0.  0.  0.]
 [ 0.  0.  0.]
 [ 0.  0.  0.]
 [ 0.  0.  0.]
 [ 0.  0.  0.]
 [ 0.  0.  0.]
 [ 0.  0.  0.]
 [ 0.  0.  0.]]
#################
[[ 0.16995838  0.          1.        ]
 [ 0.16995838  0.          1.        ]
 [ 0.16995838  0.          1.        ]
 [ 0.16995838  0.          1.        ]
 [ 0.16995838  0.          1.        ]
 [ 0.16995838  0.          1.        ]
 [ 0.29236212  0.05774194  1.        ]
 [ 0.27295525  0.0325078   1.        ]
 [ 0.36451613  0.0648283   1.        ]
 [ 0.36703434  0.05991675  1.        ]
 [ 0.37376691  0.0737565   1.        ]
 [ 0.28310094  0.05439126  1.        ]
 [ 0.43608741  0.09819979  1.        ]
 [ 0.36598335  0.07407908  1.        ]
 [ 0.33152966  0.07825182  1.        ]
 [ 0.23537981  0.05943809  1.        ]]
#################
[[  2.74817898e-01   1.09261186e-03   1.00000000e+00]
 [  2.74817898e-01   1.09261186e-03   1.00000000e+00]
 [  2.74817898e-01   1.09261186e-03   1.00000000e+00]
 [  2.74817898e-01   1.09261186e-03   1.00000000e+00]
 [  2.74817898e-01   1.09261186e-03   1.00000000e+00]
 [  2.74620187e-01   1.10301769e-03   1.00000000e+00]
 [  2.39115505e-01   9.26118626e-04   1.00000000e+00]
 [  2.35775234e-01   4.13111342e-03   1.00000000e+00]
 [  3.36971904e-01   4.39021852e-02   1.00000000e+00]
 [  3.37023933e-01   4.67013528e-02   1.00000000e+00]
 [  3.49177940e-01   4.84183143e-02   1.00000000e+00]
 [  3.24942768e-01   5.66701353e-02   1.00000000e+00]
 [  3.16493236e-01   6.01977107e-02   1.00000000e+00]
 [  3.03537981e-01   5.82101977e-02   1.00000000e+00]
 [  4.08563996e-01   1.17533819e-01   1.00000000e+00]
 [  2.61238293e-01   6.88137357e-02   1.00000000e+00]]
#################
[[ 0.59405827  0.44578564  1.        ]
 [ 0.57308012  0.20335068  1.        ]
 [ 0.57308012  0.20335068  1.        ]
 [ 0.57308012  0.20335068  1.        ]
 [ 0.57292404  0.2037565   1.        ]
 [ 0.57169615  0.23148803  1.        ]
 [ 0.56639958  0.1860666   1.        ]
 [ 0.56366285  0.2362435   1.        ]
 [ 0.39646202  0.10202914  1.        ]
 [ 0.44105099  0.1049948   1.        ]
 [ 0.41346514  0.10439126  1.        ]
 [ 0.48677419  0.16955255  1.        ]
 [ 0.42389178  0.10560874  1.        ]
 [ 0.47350676  0.20037461  1.        ]
 [ 0.385359    0.09187305  1.        ]
 [ 0.34654527  0.1312487   1.        ]]
#################
[[ 0.37244537  0.03698231  1.        ]
 [ 0.37244537  0.03698231  1.        ]
 [ 0.37244537  0.03698231  1.        ]
 [ 0.37244537  0.03698231  1.        ]
 [ 0.37244537  0.03699272  1.        ]
 [ 0.38210198  0.06456816  1.        ]
 [ 0.40001041  0.08843913  1.        ]
 [ 0.40943809  0.08611863  1.        ]
 [ 0.39266389  0.04367326  1.        ]
 [ 0.40491155  0.04478668  1.        ]
 [ 0.37918835  0.03331946  1.        ]
 [ 0.33768991  0.04473465  1.        ]
 [ 0.36768991  0.08003122  1.        ]
 [ 0.43026015  0.10110302  1.        ]
 [ 0.3608845   0.07062435  1.        ]
 [ 0.28543184  0.0833923   1.        ]]
#################
[[ 0.          0.          1.        ]
 [ 0.          0.          1.        ]
 [ 0.          0.          1.        ]
 [ 0.          0.          1.        ]
 [ 0.          0.          1.        ]
 [ 0.          0.          1.        ]
 [ 0.04862643  0.          1.        ]
 [ 0.10400624  0.          1.        ]
 [ 0.14802289  0.          1.        ]
 [ 0.18027055  0.          1.        ]
 [ 0.19674298  0.          1.        ]
 [ 0.33599376  0.12581686  1.        ]
 [ 0.34627471  0.1257232   1.        ]
 [ 0.32043704  0.10394381  1.        ]
 [ 0.25711759  0.11011446  1.        ]
 [ 0.19383975  0.08831426  1.        ]]
#################
[[ 0.          0.          1.        ]
 [ 0.          0.          1.        ]
 [ 0.          0.          1.        ]
 [ 0.          0.          1.        ]
 [ 0.          0.          1.        ]
 [ 0.          0.          1.        ]
 [ 0.04288241  0.          1.        ]
 [ 0.11075963  0.          1.        ]
 [ 0.16603538  0.          1.        ]
 [ 0.15311134  0.          1.        ]
 [ 0.24297607  0.0053486   1.        ]
 [ 0.27853278  0.08290323  1.        ]
 [ 0.35417274  0.15771072  1.        ]
 [ 0.33728408  0.15368366  1.        ]
 [ 0.32960458  0.12968783  1.        ]
 [ 0.30979188  0.11598335  1.        ]]
#################
[[ 0.  0.  0.]
 [ 0.  0.  0.]
 [ 0.  0.  0.]
 [ 0.  0.  0.]
 [ 0.  0.  0.]
 [ 0.  0.  0.]
 [ 0.  0.  0.]
 [ 0.  0.  0.]
 [ 0.  0.  0.]
 [ 0.  0.  0.]
 [ 0.  0.  0.]
 [ 0.  0.  0.]
 [ 0.  0.  0.]
 [ 0.  0.  0.]
 [ 0.  0.  0.]
 [ 0.  0.  0.]]
#################
[[ 0.16995838  0.          1.        ]
 [ 0.16995838  0.          1.        ]
 [ 0.16995838  0.          1.        ]
 [ 0.16995838  0.          1.        ]
 [ 0.16995838  0.          1.        ]
 [ 0.16995838  0.          1.        ]
 [ 0.29236212  0.05774194  1.        ]
 [ 0.27295525  0.0325078   1.        ]
 [ 0.36451613  0.0648283   1.        ]
 [ 0.36703434  0.05991675  1.        ]
 [ 0.37376691  0.0737565   1.        ]
 [ 0.28310094  0.05439126  1.        ]
 [ 0.43608741  0.09819979  1.        ]
 [ 0.36598335  0.07407908  1.        ]
 [ 0.33152966  0.07825182  1.        ]
 [ 0.23537981  0.05943809  1.        ]]
#################
[[  2.74817898e-01   1.09261186e-03   1.00000000e+00]
 [  2.74817898e-01   1.09261186e-03   1.00000000e+00]
 [  2.74817898e-01   1.09261186e-03   1.00000000e+00]
 [  2.74817898e-01   1.09261186e-03   1.00000000e+00]
 [  2.74817898e-01   1.09261186e-03   1.00000000e+00]
 [  2.74620187e-01   1.10301769e-03   1.00000000e+00]
 [  2.39115505e-01   9.26118626e-04   1.00000000e+00]
 [  2.35775234e-01   4.13111342e-03   1.00000000e+00]
 [  3.36971904e-01   4.39021852e-02   1.00000000e+00]
 [  3.37023933e-01   4.67013528e-02   1.00000000e+00]
 [  3.49177940e-01   4.84183143e-02   1.00000000e+00]
 [  3.24942768e-01   5.66701353e-02   1.00000000e+00]
 [  3.16493236e-01   6.01977107e-02   1.00000000e+00]
 [  3.03537981e-01   5.82101977e-02   1.00000000e+00]
 [  4.08563996e-01   1.17533819e-01   1.00000000e+00]
 [  2.61238293e-01   6.88137357e-02   1.00000000e+00]]
#################
[[ 0.59405827  0.44578564  1.        ]
 [ 0.57308012  0.20335068  1.        ]
 [ 0.57308012  0.20335068  1.        ]
 [ 0.57308012  0.20335068  1.        ]
 [ 0.57292404  0.2037565   1.        ]
 [ 0.57169615  0.23148803  1.        ]
 [ 0.56639958  0.1860666   1.        ]
 [ 0.56366285  0.2362435   1.        ]
 [ 0.39646202  0.10202914  1.        ]
 [ 0.44105099  0.1049948   1.        ]
 [ 0.41346514  0.10439126  1.        ]
 [ 0.48677419  0.16955255  1.        ]
 [ 0.42389178  0.10560874  1.        ]
 [ 0.47350676  0.20037461  1.        ]
 [ 0.385359    0.09187305  1.        ]
 [ 0.34654527  0.1312487   1.        ]]
#################
[[ 0.37244537  0.03698231  1.        ]
 [ 0.37244537  0.03698231  1.        ]
 [ 0.37244537  0.03698231  1.        ]
 [ 0.37244537  0.03698231  1.        ]
 [ 0.37244537  0.03699272  1.        ]
 [ 0.38210198  0.06456816  1.        ]
 [ 0.40001041  0.08843913  1.        ]
 [ 0.40943809  0.08611863  1.        ]
 [ 0.39266389  0.04367326  1.        ]
 [ 0.40491155  0.04478668  1.        ]
 [ 0.37918835  0.03331946  1.        ]
 [ 0.33768991  0.04473465  1.        ]
 [ 0.36768991  0.08003122  1.        ]
 [ 0.43026015  0.10110302  1.        ]
 [ 0.3608845   0.07062435  1.        ]
 [ 0.28543184  0.0833923   1.        ]]
#################
[[ 0.          0.          1.        ]
 [ 0.          0.          1.        ]
 [ 0.          0.          1.        ]
 [ 0.          0.          1.        ]
 [ 0.          0.          1.        ]
 [ 0.          0.          1.        ]
 [ 0.04862643  0.          1.        ]
 [ 0.10400624  0.          1.        ]
 [ 0.14802289  0.          1.        ]
 [ 0.18027055  0.          1.        ]
 [ 0.19674298  0.          1.        ]
 [ 0.33599376  0.12581686  1.        ]
 [ 0.34627471  0.1257232   1.        ]
 [ 0.32043704  0.10394381  1.        ]
 [ 0.25711759  0.11011446  1.        ]
 [ 0.19383975  0.08831426  1.        ]]
#################
[[ 0.          0.          1.        ]
 [ 0.          0.          1.        ]
 [ 0.          0.          1.        ]
 [ 0.          0.          1.        ]
 [ 0.          0.          1.        ]
 [ 0.          0.          1.        ]
 [ 0.04288241  0.          1.        ]
 [ 0.11075963  0.          1.        ]
 [ 0.16603538  0.          1.        ]
 [ 0.15311134  0.          1.        ]
 [ 0.24297607  0.0053486   1.        ]
 [ 0.27853278  0.08290323  1.        ]
 [ 0.35417274  0.15771072  1.        ]
 [ 0.33728408  0.15368366  1.        ]
 [ 0.32960458  0.12968783  1.        ]
 [ 0.30979188  0.11598335  1.        ]]
#################
