#######################################

This is  the results from Sobel X for 'Brent Kung' Adder

[[0. 0.]
 [0. 0.]
 [0. 0.]
 [0. 0.]
 [0. 0.]
 [0. 0.]
 [0. 0.]
 [0. 0.]
 [0. 0.]
 [0. 0.]
 [0. 0.]
 [0. 0.]
 [0. 0.]
 [0. 0.]
 [0. 0.]
 [0. 0.]]
[[0.         0.        ]
 [0.06532547 0.        ]
 [0.         0.        ]
 [0.06450649 0.19180445]
 [0.         0.        ]
 [0.05821482 0.18381701]
 [0.         0.        ]
 [0.04676841 0.21095888]
 [0.         0.        ]
 [0.07572166 0.17824797]
 [0.         0.        ]
 [0.         0.        ]
 [0.         0.        ]
 [0.         0.        ]
 [0.         0.        ]
 [0.         0.        ]]
[[0.         0.        ]
 [0.         0.        ]
 [0.         0.        ]
 [0.0894034  0.        ]
 [0.         0.        ]
 [0.         0.        ]
 [0.         0.        ]
 [0.03360697 0.18027132]
 [0.         0.        ]
 [0.         0.        ]
 [0.         0.        ]
 [0.1482445  0.01722743]
 [0.         0.        ]
 [0.         0.        ]
 [0.         0.        ]
 [0.         0.        ]]
[[0.         0.        ]
 [0.         0.        ]
 [0.         0.        ]
 [0.         0.        ]
 [0.         0.        ]
 [0.         0.        ]
 [0.         0.        ]
 [0.07886268 0.        ]
 [0.         0.        ]
 [0.         0.        ]
 [0.         0.        ]
 [0.         0.        ]
 [0.         0.        ]
 [0.         0.        ]
 [0.         0.        ]
 [0.1482445  0.01722743]]
[[0.        0.       ]
 [0.        0.       ]
 [0.        0.       ]
 [0.        0.       ]
 [0.        0.       ]
 [0.        0.       ]
 [0.        0.       ]
 [0.        0.       ]
 [0.        0.       ]
 [0.        0.       ]
 [0.        0.       ]
 [0.        0.       ]
 [0.        0.       ]
 [0.        0.       ]
 [0.        0.       ]
 [0.1480518 0.       ]]
[[0.        0.       ]
 [0.        0.       ]
 [0.        0.       ]
 [0.        0.       ]
 [0.        0.       ]
 [0.        0.       ]
 [0.        0.       ]
 [0.        0.       ]
 [0.        0.       ]
 [0.        0.       ]
 [0.        0.       ]
 [0.1480518 0.       ]
 [0.        0.       ]
 [0.        0.       ]
 [0.        0.       ]
 [0.        0.       ]]
[[0.         0.        ]
 [0.         0.        ]
 [0.         0.        ]
 [0.         0.        ]
 [0.         0.        ]
 [0.12006205 0.        ]
 [0.         0.        ]
 [0.         0.        ]
 [0.         0.        ]
 [0.1480518  0.        ]
 [0.         0.        ]
 [0.         0.        ]
 [0.         0.        ]
 [0.2962963  0.        ]
 [0.         0.        ]
 [0.         0.        ]]
[[0.         0.        ]
 [0.         0.        ]
 [0.12364628 0.        ]
 [0.         0.        ]
 [0.16955717 0.        ]
 [0.         0.        ]
 [0.18361468 0.        ]
 [0.         0.        ]
 [0.2131653  0.        ]
 [0.         0.        ]
 [0.2962963  0.        ]
 [0.         0.        ]
 [0.2962963  0.        ]
 [0.         0.        ]
 [0.2962963  0.        ]
 [0.         0.        ]]
#######################################

This is  the results from Sobel X for 'Han Carlson' Adder

[[0. 0.]
 [0. 0.]
 [0. 0.]
 [0. 0.]
 [0. 0.]
 [0. 0.]
 [0. 0.]
 [0. 0.]
 [0. 0.]
 [0. 0.]
 [0. 0.]
 [0. 0.]
 [0. 0.]
 [0. 0.]
 [0. 0.]
 [0. 0.]]
[[0.         0.        ]
 [0.06532547 0.        ]
 [0.         0.        ]
 [0.06450649 0.19180445]
 [0.         0.        ]
 [0.05821482 0.18381701]
 [0.         0.        ]
 [0.04676841 0.21095888]
 [0.         0.        ]
 [0.07572166 0.17824797]
 [0.         0.        ]
 [0.         0.        ]
 [0.         0.        ]
 [0.         0.        ]
 [0.         0.        ]
 [0.         0.        ]]
[[0.         0.        ]
 [0.         0.        ]
 [0.         0.        ]
 [0.0894034  0.        ]
 [0.         0.        ]
 [0.05672139 0.19544649]
 [0.         0.        ]
 [0.03360697 0.18027132]
 [0.         0.        ]
 [0.07260955 0.12357883]
 [0.         0.        ]
 [0.1482445  0.01722743]
 [0.         0.        ]
 [0.         0.        ]
 [0.         0.        ]
 [0.         0.        ]]
[[0.         0.        ]
 [0.         0.        ]
 [0.         0.        ]
 [0.         0.        ]
 [0.         0.        ]
 [0.06334066 0.        ]
 [0.         0.        ]
 [0.07886268 0.        ]
 [0.         0.        ]
 [0.02062859 0.07998998]
 [0.         0.        ]
 [0.07860254 0.15269588]
 [0.         0.        ]
 [0.22085405 0.11857826]
 [0.         0.        ]
 [0.1482445  0.01722743]]
[[0.         0.        ]
 [0.         0.        ]
 [0.         0.        ]
 [0.         0.        ]
 [0.         0.        ]
 [0.         0.        ]
 [0.         0.        ]
 [0.         0.        ]
 [0.         0.        ]
 [0.05481366 0.        ]
 [0.         0.        ]
 [0.06944926 0.        ]
 [0.         0.        ]
 [0.07544225 0.        ]
 [0.         0.        ]
 [0.1480518  0.        ]]
[[0.         0.        ]
 [0.         0.        ]
 [0.12364628 0.19423247]
 [0.         0.        ]
 [0.16955717 0.3076849 ]
 [0.         0.        ]
 [0.18361468 0.41997148]
 [0.         0.        ]
 [0.2131653  0.39973793]
 [0.         0.        ]
 [0.2962963  0.19856824]
 [0.         0.        ]
 [0.2962963  0.16992331]
 [0.         0.        ]
 [0.2962963  0.11857826]
 [0.         0.        ]]
#######################################

This is  the results from Sobel X for 'Sklansky' Adder

[[0. 0.]
 [0. 0.]
 [0. 0.]
 [0. 0.]
 [0. 0.]
 [0. 0.]
 [0. 0.]
 [0. 0.]
 [0. 0.]
 [0. 0.]
 [0. 0.]
 [0. 0.]
 [0. 0.]
 [0. 0.]
 [0. 0.]
 [0. 0.]]
[[0.         0.        ]
 [0.06532547 0.        ]
 [0.         0.        ]
 [0.06450649 0.19180445]
 [0.         0.        ]
 [0.05821482 0.18381701]
 [0.         0.        ]
 [0.04676841 0.21095888]
 [0.         0.        ]
 [0.07572166 0.17824797]
 [0.         0.        ]
 [0.         0.        ]
 [0.         0.        ]
 [0.         0.        ]
 [0.         0.        ]
 [0.         0.        ]]
[[0.         0.        ]
 [0.         0.        ]
 [0.12364628 0.        ]
 [0.0894034  0.        ]
 [0.         0.        ]
 [0.         0.        ]
 [0.08783289 0.29916753]
 [0.03360697 0.18027132]
 [0.         0.        ]
 [0.         0.        ]
 [0.1482445  0.01722743]
 [0.1482445  0.01722743]
 [0.         0.        ]
 [0.         0.        ]
 [0.         0.        ]
 [0.         0.        ]]
[[0.         0.        ]
 [0.         0.        ]
 [0.         0.        ]
 [0.         0.        ]
 [0.16955717 0.        ]
 [0.12006205 0.        ]
 [0.09578179 0.        ]
 [0.07886268 0.        ]
 [0.         0.        ]
 [0.         0.        ]
 [0.         0.        ]
 [0.         0.        ]
 [0.1482445  0.01722743]
 [0.1482445  0.01722743]
 [0.1482445  0.01722743]
 [0.1482445  0.01722743]]
[[0.        0.       ]
 [0.        0.       ]
 [0.        0.       ]
 [0.        0.       ]
 [0.        0.       ]
 [0.        0.       ]
 [0.        0.       ]
 [0.        0.       ]
 [0.2131653 0.       ]
 [0.1480518 0.       ]
 [0.1480518 0.       ]
 [0.1480518 0.       ]
 [0.1480518 0.       ]
 [0.1480518 0.       ]
 [0.1480518 0.       ]
 [0.1480518 0.       ]]
#######################################

This is  the results from Sobel X for 'Knowles' Adder

[[0. 0.]
 [0. 0.]
 [0. 0.]
 [0. 0.]
 [0. 0.]
 [0. 0.]
 [0. 0.]
 [0. 0.]
 [0. 0.]
 [0. 0.]
 [0. 0.]
 [0. 0.]
 [0. 0.]
 [0. 0.]
 [0. 0.]
 [0. 0.]]
[[0.         0.        ]
 [0.06532547 0.        ]
 [0.07166532 0.19423247]
 [0.06450649 0.19180445]
 [0.06049832 0.18904883]
 [0.05821482 0.18381701]
 [0.05904343 0.18432767]
 [0.04676841 0.21095888]
 [0.10481944 0.17141673]
 [0.07572166 0.17824797]
 [0.07252284 0.        ]
 [0.         0.        ]
 [0.         0.        ]
 [0.         0.        ]
 [0.         0.        ]
 [0.         0.        ]]
[[0.         0.        ]
 [0.         0.        ]
 [0.05198096 0.        ]
 [0.0894034  0.        ]
 [0.06840868 0.1987513 ]
 [0.05672139 0.19544649]
 [0.0476452  0.1863992 ]
 [0.03360697 0.18027132]
 [0.0264096  0.19042664]
 [0.07260955 0.12357883]
 [0.14009327 0.08092458]
 [0.1482445  0.01722743]
 [0.07252284 0.        ]
 [0.         0.        ]
 [0.         0.        ]
 [0.         0.        ]]
[[0.         0.        ]
 [0.         0.        ]
 [0.         0.        ]
 [0.         0.        ]
 [0.04065017 0.        ]
 [0.06334066 0.        ]
 [0.07692604 0.        ]
 [0.07886268 0.        ]
 [0.04460053 0.10731491]
 [0.02062859 0.07998998]
 [0.01893282 0.10400046]
 [0.07860254 0.15269588]
 [0.15192508 0.15142406]
 [0.22085405 0.11857826]
 [0.2126161  0.08092458]
 [0.1482445  0.01722743]]
[[0.         0.        ]
 [0.         0.        ]
 [0.         0.        ]
 [0.         0.        ]
 [0.         0.        ]
 [0.         0.        ]
 [0.         0.        ]
 [0.         0.        ]
 [0.03733572 0.        ]
 [0.05481366 0.        ]
 [0.06474737 0.        ]
 [0.06944926 0.        ]
 [0.07184838 0.        ]
 [0.07544225 0.        ]
 [0.08368019 0.        ]
 [0.1480518  0.        ]]
#######################################

This is  the results from Sobel X for 'KoggeStone' Adder

[[0. 0.]
 [0. 0.]
 [0. 0.]
 [0. 0.]
 [0. 0.]
 [0. 0.]
 [0. 0.]
 [0. 0.]
 [0. 0.]
 [0. 0.]
 [0. 0.]
 [0. 0.]
 [0. 0.]
 [0. 0.]
 [0. 0.]
 [0. 0.]]
[[0.         0.        ]
 [0.06532547 0.        ]
 [0.07166532 0.19423247]
 [0.06450649 0.19180445]
 [0.06049832 0.18904883]
 [0.05821482 0.18381701]
 [0.05904343 0.18432767]
 [0.04676841 0.21095888]
 [0.10481944 0.17141673]
 [0.07572166 0.17824797]
 [0.07252284 0.        ]
 [0.         0.        ]
 [0.         0.        ]
 [0.         0.        ]
 [0.         0.        ]
 [0.         0.        ]]
[[0.         0.        ]
 [0.         0.        ]
 [0.05198096 0.        ]
 [0.0894034  0.        ]
 [0.06840868 0.1987513 ]
 [0.05672139 0.19544649]
 [0.0476452  0.1863992 ]
 [0.03360697 0.18027132]
 [0.0264096  0.19042664]
 [0.07260955 0.12357883]
 [0.14009327 0.08092458]
 [0.1482445  0.01722743]
 [0.07252284 0.        ]
 [0.         0.        ]
 [0.         0.        ]
 [0.         0.        ]]
[[0.         0.        ]
 [0.         0.        ]
 [0.         0.        ]
 [0.         0.        ]
 [0.04065017 0.        ]
 [0.06334066 0.        ]
 [0.07692604 0.        ]
 [0.07886268 0.        ]
 [0.04460053 0.10731491]
 [0.02062859 0.07998998]
 [0.01893282 0.10400046]
 [0.07860254 0.15269588]
 [0.15192508 0.15142406]
 [0.22085405 0.11857826]
 [0.2126161  0.08092458]
 [0.1482445  0.01722743]]
[[0.         0.        ]
 [0.         0.        ]
 [0.         0.        ]
 [0.         0.        ]
 [0.         0.        ]
 [0.         0.        ]
 [0.         0.        ]
 [0.         0.        ]
 [0.03733572 0.        ]
 [0.05481366 0.        ]
 [0.06474737 0.        ]
 [0.06944926 0.        ]
 [0.07184838 0.        ]
 [0.07544225 0.        ]
 [0.08368019 0.        ]
 [0.1480518  0.        ]]
#######################################

This is  the results from Sobel X for 'Ladner Fischer' Adder

[[0. 0.]
 [0. 0.]
 [0. 0.]
 [0. 0.]
 [0. 0.]
 [0. 0.]
 [0. 0.]
 [0. 0.]
 [0. 0.]
 [0. 0.]
 [0. 0.]
 [0. 0.]
 [0. 0.]
 [0. 0.]
 [0. 0.]
 [0. 0.]]
[[0.         0.        ]
 [0.06532547 0.        ]
 [0.         0.        ]
 [0.06450649 0.19180445]
 [0.         0.        ]
 [0.05821482 0.18381701]
 [0.         0.        ]
 [0.04676841 0.21095888]
 [0.         0.        ]
 [0.07572166 0.17824797]
 [0.         0.        ]
 [0.         0.        ]
 [0.         0.        ]
 [0.         0.        ]
 [0.         0.        ]
 [0.         0.        ]]
[[0.         0.        ]
 [0.         0.        ]
 [0.         0.        ]
 [0.0894034  0.        ]
 [0.         0.        ]
 [0.         0.        ]
 [0.         0.        ]
 [0.03360697 0.18027132]
 [0.         0.        ]
 [0.         0.        ]
 [0.         0.        ]
 [0.1482445  0.01722743]
 [0.         0.        ]
 [0.         0.        ]
 [0.         0.        ]
 [0.         0.        ]]
[[0.         0.        ]
 [0.         0.        ]
 [0.         0.        ]
 [0.         0.        ]
 [0.         0.        ]
 [0.12006205 0.        ]
 [0.         0.        ]
 [0.07886268 0.        ]
 [0.         0.        ]
 [0.         0.        ]
 [0.         0.        ]
 [0.         0.        ]
 [0.         0.        ]
 [0.1482445  0.01722743]
 [0.         0.        ]
 [0.1482445  0.01722743]]
[[0.        0.       ]
 [0.        0.       ]
 [0.        0.       ]
 [0.        0.       ]
 [0.        0.       ]
 [0.        0.       ]
 [0.        0.       ]
 [0.        0.       ]
 [0.        0.       ]
 [0.1480518 0.       ]
 [0.        0.       ]
 [0.1480518 0.       ]
 [0.        0.       ]
 [0.1480518 0.       ]
 [0.        0.       ]
 [0.1480518 0.       ]]
[[0.         0.        ]
 [0.         0.        ]
 [0.12364628 0.        ]
 [0.         0.        ]
 [0.16955717 0.        ]
 [0.         0.        ]
 [0.18361468 0.        ]
 [0.         0.        ]
 [0.2131653  0.        ]
 [0.         0.        ]
 [0.2962963  0.        ]
 [0.         0.        ]
 [0.2962963  0.        ]
 [0.         0.        ]
 [0.2962963  0.        ]
 [0.         0.        ]]
