#######################################

This is  the results from Sobel X for 'Brent Kung' Adder

[[0. 0.]
 [0. 0.]
 [0. 0.]
 [0. 0.]
 [0. 0.]
 [0. 0.]
 [0. 0.]
 [0. 0.]
 [0. 0.]
 [0. 0.]
 [0. 0.]
 [0. 0.]
 [0. 0.]
 [0. 0.]
 [0. 0.]
 [0. 0.]]
[[0.         0.        ]
 [0.0525687  0.        ]
 [0.         0.        ]
 [0.02058041 0.12641153]
 [0.         0.        ]
 [0.00326627 0.1153987 ]
 [0.         0.        ]
 [0.00755386 0.03459938]
 [0.         0.        ]
 [0.00612788 0.06671291]
 [0.         0.        ]
 [0.         0.        ]
 [0.         0.        ]
 [0.         0.        ]
 [0.         0.        ]
 [0.         0.        ]]
[[0.         0.        ]
 [0.         0.        ]
 [0.         0.        ]
 [0.04586272 0.        ]
 [0.         0.        ]
 [0.         0.        ]
 [0.         0.        ]
 [0.009847   0.1085771 ]
 [0.         0.        ]
 [0.         0.        ]
 [0.         0.        ]
 [0.05959263 0.02529194]
 [0.         0.        ]
 [0.         0.        ]
 [0.         0.        ]
 [0.         0.        ]]
[[0.         0.        ]
 [0.         0.        ]
 [0.         0.        ]
 [0.         0.        ]
 [0.         0.        ]
 [0.         0.        ]
 [0.         0.        ]
 [0.0799418  0.        ]
 [0.         0.        ]
 [0.         0.        ]
 [0.         0.        ]
 [0.         0.        ]
 [0.         0.        ]
 [0.         0.        ]
 [0.         0.        ]
 [0.05959263 0.02529194]]
[[0.         0.        ]
 [0.         0.        ]
 [0.         0.        ]
 [0.         0.        ]
 [0.         0.        ]
 [0.         0.        ]
 [0.         0.        ]
 [0.         0.        ]
 [0.         0.        ]
 [0.         0.        ]
 [0.         0.        ]
 [0.         0.        ]
 [0.         0.        ]
 [0.         0.        ]
 [0.         0.        ]
 [0.09777624 0.        ]]
[[0.         0.        ]
 [0.         0.        ]
 [0.         0.        ]
 [0.         0.        ]
 [0.         0.        ]
 [0.         0.        ]
 [0.         0.        ]
 [0.         0.        ]
 [0.         0.        ]
 [0.         0.        ]
 [0.         0.        ]
 [0.09777624 0.        ]
 [0.         0.        ]
 [0.         0.        ]
 [0.         0.        ]
 [0.         0.        ]]
[[0.         0.        ]
 [0.         0.        ]
 [0.         0.        ]
 [0.         0.        ]
 [0.         0.        ]
 [0.08580953 0.        ]
 [0.         0.        ]
 [0.         0.        ]
 [0.         0.        ]
 [0.09777624 0.        ]
 [0.         0.        ]
 [0.         0.        ]
 [0.         0.        ]
 [0.15736887 0.        ]
 [0.         0.        ]
 [0.         0.        ]]
[[0.         0.        ]
 [0.         0.        ]
 [0.08490384 0.        ]
 [0.         0.        ]
 [0.10700659 0.        ]
 [0.         0.        ]
 [0.10189039 0.        ]
 [0.         0.        ]
 [0.12726905 0.        ]
 [0.         0.        ]
 [0.15736887 0.        ]
 [0.         0.        ]
 [0.15736887 0.        ]
 [0.         0.        ]
 [0.15736887 0.        ]
 [0.         0.        ]]
#######################################

This is  the results from Sobel X for 'Han Carlson' Adder

[[0. 0.]
 [0. 0.]
 [0. 0.]
 [0. 0.]
 [0. 0.]
 [0. 0.]
 [0. 0.]
 [0. 0.]
 [0. 0.]
 [0. 0.]
 [0. 0.]
 [0. 0.]
 [0. 0.]
 [0. 0.]
 [0. 0.]
 [0. 0.]]
[[0.         0.        ]
 [0.0525687  0.        ]
 [0.         0.        ]
 [0.02058041 0.12641153]
 [0.         0.        ]
 [0.00326627 0.1153987 ]
 [0.         0.        ]
 [0.00755386 0.03459938]
 [0.         0.        ]
 [0.00612788 0.06671291]
 [0.         0.        ]
 [0.         0.        ]
 [0.         0.        ]
 [0.         0.        ]
 [0.         0.        ]
 [0.         0.        ]]
[[0.         0.        ]
 [0.         0.        ]
 [0.         0.        ]
 [0.04586272 0.        ]
 [0.         0.        ]
 [0.04266389 0.08490384]
 [0.         0.        ]
 [0.009847   0.1085771 ]
 [0.         0.        ]
 [0.01154276 0.02096581]
 [0.         0.        ]
 [0.05959263 0.02529194]
 [0.         0.        ]
 [0.         0.        ]
 [0.         0.        ]
 [0.         0.        ]]
[[0.         0.        ]
 [0.         0.        ]
 [0.         0.        ]
 [0.         0.        ]
 [0.         0.        ]
 [0.04314564 0.        ]
 [0.         0.        ]
 [0.0799418  0.        ]
 [0.         0.        ]
 [0.04551586 0.09931784]
 [0.         0.        ]
 [0.02138976 0.03248931]
 [0.         0.        ]
 [0.07113539 0.03423324]
 [0.         0.        ]
 [0.05959263 0.02529194]]
[[0.         0.        ]
 [0.         0.        ]
 [0.         0.        ]
 [0.         0.        ]
 [0.         0.        ]
 [0.         0.        ]
 [0.         0.        ]
 [0.         0.        ]
 [0.         0.        ]
 [0.04071762 0.        ]
 [0.         0.        ]
 [0.07638648 0.        ]
 [0.         0.        ]
 [0.08623348 0.        ]
 [0.         0.        ]
 [0.09777624 0.        ]]
[[0.         0.        ]
 [0.         0.        ]
 [0.08490384 0.        ]
 [0.         0.        ]
 [0.10700659 0.        ]
 [0.         0.        ]
 [0.10189039 0.        ]
 [0.         0.        ]
 [0.12726905 0.        ]
 [0.         0.        ]
 [0.15736887 0.        ]
 [0.         0.        ]
 [0.15736887 0.        ]
 [0.         0.        ]
 [0.15736887 0.        ]
 [0.         0.        ]]
#######################################

This is  the results from Sobel X for 'Sklansky' Adder

[[0. 0.]
 [0. 0.]
 [0. 0.]
 [0. 0.]
 [0. 0.]
 [0. 0.]
 [0. 0.]
 [0. 0.]
 [0. 0.]
 [0. 0.]
 [0. 0.]
 [0. 0.]
 [0. 0.]
 [0. 0.]
 [0. 0.]
 [0. 0.]]
[[0.         0.        ]
 [0.0525687  0.        ]
 [0.         0.        ]
 [0.02058041 0.12641153]
 [0.         0.        ]
 [0.00326627 0.1153987 ]
 [0.         0.        ]
 [0.00755386 0.03459938]
 [0.         0.        ]
 [0.00612788 0.06671291]
 [0.         0.        ]
 [0.         0.        ]
 [0.         0.        ]
 [0.         0.        ]
 [0.         0.        ]
 [0.         0.        ]]
[[0.         0.        ]
 [0.         0.        ]
 [0.08490384 0.        ]
 [0.04586272 0.        ]
 [0.         0.        ]
 [0.         0.        ]
 [0.01619648 0.12522642]
 [0.009847   0.1085771 ]
 [0.         0.        ]
 [0.         0.        ]
 [0.05959263 0.02529194]
 [0.05959263 0.02529194]
 [0.         0.        ]
 [0.         0.        ]
 [0.         0.        ]
 [0.         0.        ]]
[[0.         0.        ]
 [0.         0.        ]
 [0.         0.        ]
 [0.         0.        ]
 [0.10700659 0.        ]
 [0.08580953 0.        ]
 [0.08569391 0.        ]
 [0.0799418  0.        ]
 [0.         0.        ]
 [0.         0.        ]
 [0.         0.        ]
 [0.         0.        ]
 [0.05959263 0.02529194]
 [0.05959263 0.02529194]
 [0.05959263 0.02529194]
 [0.05959263 0.02529194]]
[[0.         0.        ]
 [0.         0.        ]
 [0.         0.        ]
 [0.         0.        ]
 [0.         0.        ]
 [0.         0.        ]
 [0.         0.        ]
 [0.         0.        ]
 [0.12726905 0.        ]
 [0.09777624 0.        ]
 [0.09777624 0.        ]
 [0.09777624 0.        ]
 [0.09777624 0.        ]
 [0.09777624 0.        ]
 [0.09777624 0.        ]
 [0.09777624 0.        ]]
#######################################

This is  the results from Sobel X for 'Knowles' Adder

[[0. 0.]
 [0. 0.]
 [0. 0.]
 [0. 0.]
 [0. 0.]
 [0. 0.]
 [0. 0.]
 [0. 0.]
 [0. 0.]
 [0. 0.]
 [0. 0.]
 [0. 0.]
 [0. 0.]
 [0. 0.]
 [0. 0.]
 [0. 0.]]
[[0.         0.        ]
 [0.0525687  0.        ]
 [0.05634563 0.12522642]
 [0.02058041 0.12641153]
 [0.055623   0.04193163]
 [0.00326627 0.1153987 ]
 [0.014414   0.01752611]
 [0.00755386 0.03459938]
 [0.03844375 0.02804756]
 [0.00612788 0.06671291]
 [0.05346476 0.        ]
 [0.         0.        ]
 [0.         0.        ]
 [0.         0.        ]
 [0.         0.        ]
 [0.         0.        ]]
[[0.         0.        ]
 [0.         0.        ]
 [0.02855821 0.        ]
 [0.04586272 0.        ]
 [0.02661194 0.11192045]
 [0.04266389 0.08490384]
 [0.03666127 0.13074729]
 [0.009847   0.1085771 ]
 [0.00993371 0.01903881]
 [0.01154276 0.02096581]
 [0.01619648 0.03377076]
 [0.05959263 0.02529194]
 [0.05346476 0.        ]
 [0.         0.        ]
 [0.         0.        ]
 [0.         0.        ]]
[[0.         0.        ]
 [0.         0.        ]
 [0.         0.        ]
 [0.         0.        ]
 [0.02477165 0.        ]
 [0.04314564 0.        ]
 [0.05081512 0.        ]
 [0.0799418  0.        ]
 [0.05542067 0.13604656]
 [0.04551586 0.09931784]
 [0.04267353 0.03304814]
 [0.02138976 0.03248931]
 [0.02573515 0.04027441]
 [0.07113539 0.03423324]
 [0.06966123 0.03377076]
 [0.05959263 0.02529194]]
[[0.         0.        ]
 [0.         0.        ]
 [0.         0.        ]
 [0.         0.        ]
 [0.         0.        ]
 [0.         0.        ]
 [0.         0.        ]
 [0.         0.        ]
 [0.02347092 0.        ]
 [0.04071762 0.        ]
 [0.04503411 0.        ]
 [0.07638648 0.        ]
 [0.07816896 0.        ]
 [0.08623348 0.        ]
 [0.08770763 0.        ]
 [0.09777624 0.        ]]
#######################################

This is  the results from Sobel X for 'KoggeStone' Adder

[[0. 0.]
 [0. 0.]
 [0. 0.]
 [0. 0.]
 [0. 0.]
 [0. 0.]
 [0. 0.]
 [0. 0.]
 [0. 0.]
 [0. 0.]
 [0. 0.]
 [0. 0.]
 [0. 0.]
 [0. 0.]
 [0. 0.]
 [0. 0.]]
[[0.         0.        ]
 [0.0525687  0.        ]
 [0.05634563 0.12522642]
 [0.02058041 0.12641153]
 [0.055623   0.04193163]
 [0.00326627 0.1153987 ]
 [0.014414   0.01752611]
 [0.00755386 0.03459938]
 [0.03844375 0.02804756]
 [0.00612788 0.06671291]
 [0.05346476 0.        ]
 [0.         0.        ]
 [0.         0.        ]
 [0.         0.        ]
 [0.         0.        ]
 [0.         0.        ]]
[[0.         0.        ]
 [0.         0.        ]
 [0.02855821 0.        ]
 [0.04586272 0.        ]
 [0.02661194 0.11192045]
 [0.04266389 0.08490384]
 [0.03666127 0.13074729]
 [0.009847   0.1085771 ]
 [0.00993371 0.01903881]
 [0.01154276 0.02096581]
 [0.01619648 0.03377076]
 [0.05959263 0.02529194]
 [0.05346476 0.        ]
 [0.         0.        ]
 [0.         0.        ]
 [0.         0.        ]]
[[0.         0.        ]
 [0.         0.        ]
 [0.         0.        ]
 [0.         0.        ]
 [0.02477165 0.        ]
 [0.04314564 0.        ]
 [0.05081512 0.        ]
 [0.0799418  0.        ]
 [0.05542067 0.13604656]
 [0.04551586 0.09931784]
 [0.04267353 0.03304814]
 [0.02138976 0.03248931]
 [0.02573515 0.04027441]
 [0.07113539 0.03423324]
 [0.06966123 0.03377076]
 [0.05959263 0.02529194]]
[[0.         0.        ]
 [0.         0.        ]
 [0.         0.        ]
 [0.         0.        ]
 [0.         0.        ]
 [0.         0.        ]
 [0.         0.        ]
 [0.         0.        ]
 [0.02347092 0.        ]
 [0.04071762 0.        ]
 [0.04503411 0.        ]
 [0.07638648 0.        ]
 [0.07816896 0.        ]
 [0.08623348 0.        ]
 [0.08770763 0.        ]
 [0.09777624 0.        ]]
#######################################

This is  the results from Sobel X for 'Ladner Fischer' Adder

[[0. 0.]
 [0. 0.]
 [0. 0.]
 [0. 0.]
 [0. 0.]
 [0. 0.]
 [0. 0.]
 [0. 0.]
 [0. 0.]
 [0. 0.]
 [0. 0.]
 [0. 0.]
 [0. 0.]
 [0. 0.]
 [0. 0.]
 [0. 0.]]
[[0.         0.        ]
 [0.0525687  0.        ]
 [0.         0.        ]
 [0.02058041 0.12641153]
 [0.         0.        ]
 [0.00326627 0.1153987 ]
 [0.         0.        ]
 [0.00755386 0.03459938]
 [0.         0.        ]
 [0.00612788 0.06671291]
 [0.         0.        ]
 [0.         0.        ]
 [0.         0.        ]
 [0.         0.        ]
 [0.         0.        ]
 [0.         0.        ]]
[[0.         0.        ]
 [0.         0.        ]
 [0.         0.        ]
 [0.04586272 0.        ]
 [0.         0.        ]
 [0.         0.        ]
 [0.         0.        ]
 [0.009847   0.1085771 ]
 [0.         0.        ]
 [0.         0.        ]
 [0.         0.        ]
 [0.05959263 0.02529194]
 [0.         0.        ]
 [0.         0.        ]
 [0.         0.        ]
 [0.         0.        ]]
[[0.         0.        ]
 [0.         0.        ]
 [0.         0.        ]
 [0.         0.        ]
 [0.         0.        ]
 [0.08580953 0.        ]
 [0.         0.        ]
 [0.0799418  0.        ]
 [0.         0.        ]
 [0.         0.        ]
 [0.         0.        ]
 [0.         0.        ]
 [0.         0.        ]
 [0.05959263 0.02529194]
 [0.         0.        ]
 [0.05959263 0.02529194]]
[[0.         0.        ]
 [0.         0.        ]
 [0.         0.        ]
 [0.         0.        ]
 [0.         0.        ]
 [0.         0.        ]
 [0.         0.        ]
 [0.         0.        ]
 [0.         0.        ]
 [0.09777624 0.        ]
 [0.         0.        ]
 [0.09777624 0.        ]
 [0.         0.        ]
 [0.09777624 0.        ]
 [0.         0.        ]
 [0.09777624 0.        ]]
[[0.         0.        ]
 [0.         0.        ]
 [0.08490384 0.        ]
 [0.         0.        ]
 [0.10700659 0.        ]
 [0.         0.        ]
 [0.10189039 0.        ]
 [0.         0.        ]
 [0.12726905 0.        ]
 [0.         0.        ]
 [0.15736887 0.        ]
 [0.         0.        ]
 [0.15736887 0.        ]
 [0.         0.        ]
 [0.15736887 0.        ]
 [0.         0.        ]]
