[[0, 0], [0, 0], [0, 0], [0, 0], [0, 0], [0, 0], [0, 0], [0, 0], [0, 0], [0, 0], [0, 0], [0, 0], [0, 0], [0, 0], [0, 0], [0, 0]]
[[0, 0], [0, 0], [0, 0], [0, 0], [0, 0], [0, 0], [0, 0], [4970, 27018], [0, 0], [7056, 22507], [0, 0], [5421, 19012], [0, 0], [5694, 19203], [0, 0], [5735, 17416]]
[[0, 0], [0, 0], [0, 0], [0, 0], [0, 0], [0, 0], [0, 0], [0, 2307], [0, 0], [0, 0], [0, 0], [4173, 22949], [0, 0], [0, 0], [0, 0], [4335, 17911]]
[[0, 0], [0, 0], [0, 0], [0, 0], [0, 0], [0, 0], [0, 0], [0, 0], [0, 0], [0, 0], [0, 0], [0, 0], [0, 0], [0, 0], [0, 0], [1363, 11768]]
[[0, 0], [0, 0], [0, 0], [0, 0], [0, 0], [0, 0], [0, 0], [0, 0], [0, 0], [0, 0], [0, 0], [0, 0], [0, 0], [0, 0], [0, 0], [35, 0]]
[[0, 0], [0, 0], [0, 0], [0, 0], [0, 0], [0, 0], [0, 0], [0, 0], [0, 0], [0, 0], [0, 0], [595, 0], [0, 0], [0, 0], [0, 0], [0, 0]]
[[0, 0], [0, 0], [0, 0], [0, 0], [0, 0], [0, 0], [0, 0], [0, 0], [0, 0], [2465, 0], [0, 0], [0, 0], [0, 0], [5397, 0], [0, 0], [0, 0]]
[[0, 0], [0, 0], [0, 0], [0, 0], [0, 0], [0, 0], [0, 0], [0, 0], [4755, 0], [0, 0], [9837, 0], [0, 0], [10639, 0], [0, 0], [11247, 0], [0, 0]]
#######################################

This is  the results from Sobel Y
[[0, 0], [0, 0], [0, 0], [0, 0], [0, 0], [0, 0], [0, 0], [0, 0], [0, 0], [0, 0], [0, 0], [0, 0], [0, 0], [0, 0], [0, 0], [0, 0]]
[[0, 0], [0, 0], [0, 0], [0, 0], [0, 0], [0, 0], [0, 0], [4970, 27018], [0, 0], [7056, 22507], [0, 0], [5421, 19012], [0, 0], [5694, 19203], [0, 0], [5735, 17416]]
[[0, 0], [0, 0], [0, 0], [0, 0], [0, 0], [0, 0], [0, 0], [0, 2307], [0, 0], [0, 0], [0, 0], [4173, 22949], [0, 0], [0, 0], [0, 0], [4335, 17911]]
[[0, 0], [0, 0], [0, 0], [0, 0], [0, 0], [0, 0], [0, 0], [0, 0], [0, 0], [0, 0], [0, 0], [0, 0], [0, 0], [0, 0], [0, 0], [1363, 11768]]
[[0, 0], [0, 0], [0, 0], [0, 0], [0, 0], [0, 0], [0, 0], [0, 0], [0, 0], [0, 0], [0, 0], [0, 0], [0, 0], [0, 0], [0, 0], [35, 0]]
[[0, 0], [0, 0], [0, 0], [0, 0], [0, 0], [0, 0], [0, 0], [0, 0], [0, 0], [0, 0], [0, 0], [595, 0], [0, 0], [0, 0], [0, 0], [0, 0]]
[[0, 0], [0, 0], [0, 0], [0, 0], [0, 0], [0, 0], [0, 0], [0, 0], [0, 0], [2465, 0], [0, 0], [0, 0], [0, 0], [5397, 0], [0, 0], [0, 0]]
[[0, 0], [0, 0], [0, 0], [0, 0], [0, 0], [0, 0], [0, 0], [0, 0], [4755, 0], [0, 0], [9837, 0], [0, 0], [10639, 0], [0, 0], [11247, 0], [0, 0]]
#######################################

This is  the results from Sobel Y for Han Carlson Adder

[[0, 0], [0, 0], [0, 0], [0, 0], [0, 0], [0, 0], [0, 0], [0, 0], [0, 0], [0, 0], [0, 0], [0, 0], [0, 0], [0, 0], [0, 0], [0, 0]]
[[0, 0], [0, 0], [0, 0], [0, 0], [0, 0], [0, 0], [0, 0], [4970, 0], [0, 0], [7056, 0], [0, 0], [5421, 0], [0, 0], [5694, 0], [0, 0], [5735, 0]]
[[0, 0], [0, 0], [0, 0], [0, 0], [0, 0], [0, 0], [0, 0], [0, 0], [0, 0], [6072, 0], [0, 0], [7228, 0], [0, 0], [6434, 0], [0, 0], [6485, 0]]
[[0, 0], [0, 0], [0, 0], [0, 0], [0, 0], [0, 0], [0, 0], [0, 29325], [0, 0], [0, 0], [0, 0], [3594, 0], [0, 0], [6024, 0], [0, 0], [5915, 0]]
[[0, 0], [0, 0], [0, 0], [0, 0], [0, 0], [0, 0], [0, 0], [0, 0], [0, 0], [0, 37427], [0, 0], [0, 38354], [0, 0], [0, 38403], [0, 0], [1624, 36794]]
[[0, 0], [0, 0], [0, 0], [0, 0], [0, 0], [0, 0], [0, 0], [0, 0], [4755, 0], [0, 0], [11856, 0], [0, 0], [13767, 0], [0, 0], [14749, 0], [0, 0]]
#######################################

This is  the results from Sobel X for Han Carlson Adder

[[0, 0], [0, 0], [0, 0], [0, 0], [0, 0], [0, 0], [0, 0], [0, 0], [0, 0], [0, 0], [0, 0], [0, 0], [0, 0], [0, 0], [0, 0], [0, 0]]
[[0, 0], [0, 0], [0, 0], [0, 0], [0, 0], [0, 0], [0, 0], [4970, 0], [0, 0], [7056, 0], [0, 0], [5421, 0], [0, 0], [5694, 0], [0, 0], [5735, 0]]
[[0, 0], [0, 0], [0, 0], [0, 0], [0, 0], [0, 0], [0, 0], [0, 0], [0, 0], [6072, 0], [0, 0], [7228, 0], [0, 0], [6434, 0], [0, 0], [6485, 0]]
[[0, 0], [0, 0], [0, 0], [0, 0], [0, 0], [0, 0], [0, 0], [0, 29325], [0, 0], [0, 0], [0, 0], [3594, 0], [0, 0], [6024, 0], [0, 0], [5915, 0]]
[[0, 0], [0, 0], [0, 0], [0, 0], [0, 0], [0, 0], [0, 0], [0, 0], [0, 0], [0, 37427], [0, 0], [0, 38354], [0, 0], [0, 38403], [0, 0], [1624, 36794]]
[[0, 0], [0, 0], [0, 0], [0, 0], [0, 0], [0, 0], [0, 0], [0, 0], [4755, 0], [0, 0], [11856, 0], [0, 0], [13767, 0], [0, 0], [14749, 0], [0, 0]]
#######################################

This is  the results from Sobel X for Ladner Fischer Adder

[[0, 0], [0, 0], [0, 0], [0, 0], [0, 0], [0, 0], [0, 0], [0, 0], [0, 0], [0, 0], [0, 0], [0, 0], [0, 0], [0, 0], [0, 0], [0, 0]]
[[0, 0], [0, 0], [0, 0], [0, 0], [0, 0], [0, 0], [0, 0], [4970, 0], [0, 0], [7056, 0], [0, 0], [5421, 0], [0, 0], [5694, 0], [0, 0], [5735, 0]]
[[0, 0], [0, 0], [0, 0], [0, 0], [0, 0], [0, 0], [0, 0], [0, 0], [0, 0], [0, 0], [0, 0], [7228, 0], [0, 0], [0, 0], [0, 0], [6485, 0]]
[[0, 0], [0, 0], [0, 0], [0, 0], [0, 0], [0, 0], [0, 0], [0, 29325], [0, 0], [0, 0], [0, 0], [0, 0], [0, 0], [9208, 0], [0, 0], [5915, 0]]
[[0, 0], [0, 0], [0, 0], [0, 0], [0, 0], [0, 0], [0, 0], [0, 0], [0, 0], [6072, 38460], [0, 0], [3594, 39591], [0, 0], [2644, 39741], [0, 0], [1624, 36794]]
[[0, 0], [0, 0], [0, 0], [0, 0], [0, 0], [0, 0], [0, 19019], [0, 0], [4755, 39275], [0, 0], [11856, 43631], [0, 0], [13767, 44123], [0, 0], [14445, 43785], [0, 0]]
#######################################

This is  the results from Sobel Y for Ladner Fischer Adder

[[0, 0], [0, 0], [0, 0], [0, 0], [0, 0], [0, 0], [0, 0], [0, 0], [0, 0], [0, 0], [0, 0], [0, 0], [0, 0], [0, 0], [0, 0], [0, 0]]
[[0, 0], [0, 0], [0, 0], [0, 0], [0, 0], [0, 0], [0, 0], [4970, 0], [0, 0], [7056, 0], [0, 0], [5421, 0], [0, 0], [5694, 0], [0, 0], [5735, 0]]
[[0, 0], [0, 0], [0, 0], [0, 0], [0, 0], [0, 0], [0, 0], [0, 0], [0, 0], [0, 0], [0, 0], [7228, 0], [0, 0], [0, 0], [0, 0], [6485, 0]]
[[0, 0], [0, 0], [0, 0], [0, 0], [0, 0], [0, 0], [0, 0], [0, 29325], [0, 0], [0, 0], [0, 0], [0, 0], [0, 0], [9208, 0], [0, 0], [5915, 0]]
[[0, 0], [0, 0], [0, 0], [0, 0], [0, 0], [0, 0], [0, 0], [0, 0], [0, 0], [6072, 38460], [0, 0], [3594, 39591], [0, 0], [2644, 39741], [0, 0], [1624, 36794]]
[[0, 0], [0, 0], [0, 0], [0, 0], [0, 0], [0, 0], [0, 19019], [0, 0], [4755, 39275], [0, 0], [11856, 43631], [0, 0], [13767, 44123], [0, 0], [14445, 43785], [0, 0]]
#######################################

This is  the results from Sobel Y for Sklansky Adder

[[0, 0], [0, 0], [0, 0], [0, 0], [0, 0], [0, 0], [0, 0], [0, 0], [0, 0], [0, 0], [0, 0], [0, 0], [0, 0], [0, 0], [0, 0], [0, 0]]
[[0, 0], [0, 0], [0, 0], [0, 0], [0, 0], [0, 0], [0, 0], [4970, 0], [0, 0], [7056, 0], [0, 0], [5421, 0], [0, 0], [5694, 0], [0, 0], [5735, 0]]
[[0, 0], [0, 0], [0, 0], [0, 0], [0, 0], [0, 0], [0, 0], [0, 0], [0, 0], [0, 0], [8567, 0], [7228, 0], [0, 0], [0, 0], [8480, 0], [6485, 0]]
[[0, 0], [0, 0], [0, 0], [0, 0], [0, 0], [0, 0], [0, 19019], [0, 29325], [0, 0], [0, 0], [0, 0], [0, 0], [11892, 0], [9208, 0], [7590, 0], [5915, 0]]
[[0, 0], [0, 0], [0, 0], [0, 0], [0, 0], [0, 0], [0, 0], [0, 0], [4755, 39275], [6072, 38460], [4710, 39851], [3594, 39591], [3645, 40048], [2644, 39741], [2248, 39880], [1624, 36794]]
#######################################

This is  the results from Sobel X for Sklansky Adder

[[0, 0], [0, 0], [0, 0], [0, 0], [0, 0], [0, 0], [0, 0], [0, 0], [0, 0], [0, 0], [0, 0], [0, 0], [0, 0], [0, 0], [0, 0], [0, 0]]
[[0, 0], [0, 0], [0, 0], [0, 0], [0, 0], [0, 0], [0, 0], [4970, 0], [0, 0], [7056, 0], [0, 0], [5421, 0], [0, 0], [5694, 0], [0, 0], [5735, 0]]
[[0, 0], [0, 0], [0, 0], [0, 0], [0, 0], [0, 0], [0, 0], [0, 0], [0, 0], [0, 0], [8567, 0], [7228, 0], [0, 0], [0, 0], [8480, 0], [6485, 0]]
[[0, 0], [0, 0], [0, 0], [0, 0], [0, 0], [0, 0], [0, 19019], [0, 29325], [0, 0], [0, 0], [0, 0], [0, 0], [11892, 0], [9208, 0], [7590, 0], [5915, 0]]
[[0, 0], [0, 0], [0, 0], [0, 0], [0, 0], [0, 0], [0, 0], [0, 0], [4755, 39275], [6072, 38460], [4710, 39851], [3594, 39591], [3645, 40048], [2644, 39741], [2248, 39880], [1624, 36794]]
#######################################

This is  the results from Sobel X for Kogge-Stone Adder

[[0, 0], [0, 0], [0, 0], [0, 0], [0, 0], [0, 0], [0, 0], [0, 0], [0, 0], [0, 0], [0, 0], [0, 0], [0, 0], [0, 0], [0, 0], [0, 0]]
[[0, 0], [0, 0], [0, 0], [0, 0], [0, 0], [0, 0], [0, 0], [4970, 0], [2531, 0], [7056, 0], [5207, 0], [5421, 0], [5663, 0], [5694, 0], [5602, 0], [5735, 0]]
[[0, 0], [0, 0], [0, 0], [0, 0], [0, 0], [0, 0], [0, 0], [0, 0], [3134, 0], [6072, 0], [6891, 0], [7228, 0], [6255, 0], [6434, 0], [6600, 0], [6485, 0]]
[[0, 0], [0, 0], [0, 0], [0, 0], [0, 0], [0, 0], [0, 19019], [0, 29325], [0, 0], [0, 0], [2476, 0], [3594, 0], [5767, 0], [6024, 0], [5470, 0], [5915, 0]]
[[0, 0], [0, 0], [0, 0], [0, 0], [0, 0], [0, 0], [0, 0], [0, 0], [0, 38365], [0, 37427], [0, 38432], [0, 38354], [0, 38742], [0, 38403], [977, 38628], [1624, 36794]]
#######################################

This is  the results from Sobel Y for Kogge-Stone Adder

[[0, 0], [0, 0], [0, 0], [0, 0], [0, 0], [0, 0], [0, 0], [0, 0], [0, 0], [0, 0], [0, 0], [0, 0], [0, 0], [0, 0], [0, 0], [0, 0]]
[[0, 0], [0, 0], [0, 0], [0, 0], [0, 0], [0, 0], [0, 0], [4970, 0], [2531, 0], [7056, 0], [5207, 0], [5421, 0], [5663, 0], [5694, 0], [5602, 0], [5735, 0]]
[[0, 0], [0, 0], [0, 0], [0, 0], [0, 0], [0, 0], [0, 0], [0, 0], [3134, 0], [6072, 0], [6891, 0], [7228, 0], [6255, 0], [6434, 0], [6600, 0], [6485, 0]]
[[0, 0], [0, 0], [0, 0], [0, 0], [0, 0], [0, 0], [0, 19019], [0, 29325], [0, 0], [0, 0], [2476, 0], [3594, 0], [5767, 0], [6024, 0], [5470, 0], [5915, 0]]
[[0, 0], [0, 0], [0, 0], [0, 0], [0, 0], [0, 0], [0, 0], [0, 0], [0, 38365], [0, 37427], [0, 38432], [0, 38354], [0, 38742], [0, 38403], [977, 38628], [1624, 36794]]
#######################################

This is  the results from Sobel Y for Knowles Adder

[[0, 0], [0, 0], [0, 0], [0, 0], [0, 0], [0, 0], [0, 0], [0, 0], [0, 0], [0, 0], [0, 0], [0, 0], [0, 0], [0, 0], [0, 0], [0, 0]]
[[0, 0], [0, 0], [0, 0], [0, 0], [0, 0], [0, 0], [0, 0], [4970, 0], [2531, 0], [7056, 0], [5207, 0], [5421, 0], [5663, 0], [5694, 0], [5602, 0], [5735, 0]]
[[0, 0], [0, 0], [0, 0], [0, 0], [0, 0], [0, 0], [0, 0], [0, 0], [3134, 0], [6072, 0], [6891, 0], [7228, 0], [6255, 0], [6434, 0], [6600, 0], [6485, 0]]
[[0, 0], [0, 0], [0, 0], [0, 0], [0, 0], [0, 0], [0, 19019], [0, 29325], [0, 0], [0, 0], [2476, 0], [3594, 0], [5767, 0], [6024, 0], [5470, 0], [5915, 0]]
[[0, 0], [0, 0], [0, 0], [0, 0], [0, 0], [0, 0], [0, 0], [0, 0], [0, 38365], [0, 37427], [0, 38432], [0, 38354], [0, 38742], [0, 38403], [1703, 39880], [1624, 36794]]
#######################################

This is  the results from Sobel X for Knowles Adder

[[0, 0], [0, 0], [0, 0], [0, 0], [0, 0], [0, 0], [0, 0], [0, 0], [0, 0], [0, 0], [0, 0], [0, 0], [0, 0], [0, 0], [0, 0], [0, 0]]
[[0, 0], [0, 0], [0, 0], [0, 0], [0, 0], [0, 0], [0, 0], [4970, 0], [2531, 0], [7056, 0], [5207, 0], [5421, 0], [5663, 0], [5694, 0], [5602, 0], [5735, 0]]
[[0, 0], [0, 0], [0, 0], [0, 0], [0, 0], [0, 0], [0, 0], [0, 0], [3134, 0], [6072, 0], [6891, 0], [7228, 0], [6255, 0], [6434, 0], [6600, 0], [6485, 0]]
[[0, 0], [0, 0], [0, 0], [0, 0], [0, 0], [0, 0], [0, 19019], [0, 29325], [0, 0], [0, 0], [2476, 0], [3594, 0], [5767, 0], [6024, 0], [5470, 0], [5915, 0]]
[[0, 0], [0, 0], [0, 0], [0, 0], [0, 0], [0, 0], [0, 0], [0, 0], [0, 38365], [0, 37427], [0, 38432], [0, 38354], [0, 38742], [0, 38403], [1703, 39880], [1624, 36794]]
