#######################################

This is  the results from Sobel X for 'Brent Kung' Adder

[[0, 0], [0, 0], [0, 0], [0, 0], [0, 0], [0, 0], [0, 0], [0, 0], [0, 0], [0, 0], [0, 0], [0, 0], [0, 0], [0, 0], [0, 0], [0, 0]]
[[0, 0], [6780, 0], [0, 0], [6695, 19907], [0, 0], [6042, 19078], [0, 0], [4854, 21895], [0, 0], [7859, 18500], [0, 0], [0, 0], [0, 0], [0, 0], [0, 0], [0, 0]]
[[0, 0], [0, 0], [0, 0], [9279, 0], [0, 0], [0, 0], [0, 0], [3488, 18710], [0, 0], [0, 0], [0, 0], [15386, 1788], [0, 0], [0, 0], [0, 0], [0, 0]]
[[0, 0], [0, 0], [0, 0], [0, 0], [0, 0], [0, 0], [0, 0], [8185, 0], [0, 0], [0, 0], [0, 0], [0, 0], [0, 0], [0, 0], [0, 0], [15386, 1788]]
[[0, 0], [0, 0], [0, 0], [0, 0], [0, 0], [0, 0], [0, 0], [0, 0], [0, 0], [0, 0], [0, 0], [0, 0], [0, 0], [0, 0], [0, 0], [15366, 0]]
[[0, 0], [0, 0], [0, 0], [0, 0], [0, 0], [0, 0], [0, 0], [0, 0], [0, 0], [0, 0], [0, 0], [15366, 0], [0, 0], [0, 0], [0, 0], [0, 0]]
[[0, 0], [0, 0], [0, 0], [0, 0], [0, 0], [12461, 0], [0, 0], [0, 0], [0, 0], [15366, 0], [0, 0], [0, 0], [0, 0], [30752, 0], [0, 0], [0, 0]]
[[0, 0], [0, 0], [12833, 0], [0, 0], [17598, 0], [0, 0], [19057, 0], [0, 0], [22124, 0], [0, 0], [30752, 0], [0, 0], [30752, 0], [0, 0], [30752, 0], [0, 0]]
#######################################

This is  the results from Sobel X for 'Han Carlson' Adder

[[0, 0], [0, 0], [0, 0], [0, 0], [0, 0], [0, 0], [0, 0], [0, 0], [0, 0], [0, 0], [0, 0], [0, 0], [0, 0], [0, 0], [0, 0], [0, 0]]
[[0, 0], [6780, 24794], [0, 0], [6695, 0], [0, 0], [6042, 0], [0, 0], [4854, 0], [0, 0], [7859, 0], [0, 0], [0, 0], [0, 0], [0, 0], [0, 0], [0, 0]]
[[0, 0], [0, 0], [0, 0], [10906, 37325], [0, 0], [8104, 0], [0, 0], [5673, 0], [0, 0], [8174, 0], [0, 0], [15386, 0], [0, 0], [0, 0], [0, 0], [0, 0]]
[[0, 0], [0, 0], [0, 0], [0, 0], [0, 0], [8959, 37146], [0, 0], [11518, 43407], [0, 0], [2735, 0], [0, 0], [8158, 0], [0, 0], [22922, 0], [0, 0], [15386, 0]]
[[0, 0], [0, 0], [0, 0], [0, 0], [0, 0], [0, 0], [0, 0], [0, 0], [0, 0], [5900, 29300], [0, 0], [7208, 18751], [0, 0], [7830, 18659], [0, 0], [15366, 21417]]
[[0, 0], [0, 0], [12833, 0], [0, 0], [18348, 0], [0, 0], [21029, 0], [0, 0], [24918, 0], [0, 0], [30752, 0], [0, 0], [30752, 0], [0, 0], [30752, 0], [0, 0]]
#######################################

This is  the results from Sobel X for 'Sklansky' Adder

[[0, 0], [0, 0], [0, 0], [0, 0], [0, 0], [0, 0], [0, 0], [0, 0], [0, 0], [0, 0], [0, 0], [0, 0], [0, 0], [0, 0], [0, 0], [0, 0]]
[[0, 0], [6780, 24794], [0, 0], [6695, 0], [0, 0], [6042, 0], [0, 0], [4854, 0], [0, 0], [7859, 0], [0, 0], [0, 0], [0, 0], [0, 0], [0, 0], [0, 0]]
[[0, 0], [0, 0], [12833, 36718], [10906, 37325], [0, 0], [0, 0], [9116, 0], [5673, 0], [0, 0], [0, 0], [15386, 0], [15386, 0], [0, 0], [0, 0], [0, 0], [0, 0]]
[[0, 0], [0, 0], [0, 0], [0, 0], [18348, 44305], [15714, 43909], [13944, 43901], [11518, 43407], [0, 0], [0, 0], [0, 0], [0, 0], [15386, 0], [15386, 0], [15386, 0], [15386, 0]]
[[0, 0], [0, 0], [0, 0], [0, 0], [0, 0], [0, 0], [0, 0], [0, 0], [24918, 44714], [16590, 39168], [15366, 21417], [15366, 21417], [15366, 21417], [15366, 21417], [15366, 21417], [15366, 21417]]
#######################################

This is  the results from Sobel X for 'Knowles' Adder

[[0, 0], [0, 0], [0, 0], [0, 0], [0, 0], [0, 0], [0, 0], [0, 0], [0, 0], [0, 0], [0, 0], [0, 0], [0, 0], [0, 0], [0, 0], [0, 0]]
[[0, 0], [6780, 24794], [7438, 0], [6695, 0], [6279, 0], [6042, 0], [6128, 0], [4854, 0], [10879, 0], [7859, 0], [7527, 0], [0, 0], [0, 0], [0, 0], [0, 0], [0, 0]]
[[0, 0], [0, 0], [6072, 26302], [10906, 37325], [9230, 0], [8104, 0], [6965, 0], [5673, 0], [6493, 0], [8174, 0], [14540, 0], [15386, 0], [7527, 0], [0, 0], [0, 0], [0, 0]]
[[0, 0], [0, 0], [0, 0], [0, 0], [5064, 26680], [8959, 37146], [10997, 37484], [11518, 43407], [8217, 0], [2735, 0], [1965, 0], [8158, 0], [15768, 0], [22922, 0], [22067, 0], [15386, 0]]
[[0, 0], [0, 0], [0, 0], [0, 0], [0, 0], [0, 0], [0, 0], [0, 0], [4860, 33528], [5900, 29300], [6720, 18751], [7208, 18751], [7457, 18659], [7830, 18659], [8685, 21417], [15366, 21417]]
#######################################

This is  the results from Sobel X for 'KoggeStone' Adder

[[0, 0], [0, 0], [0, 0], [0, 0], [0, 0], [0, 0], [0, 0], [0, 0], [0, 0], [0, 0], [0, 0], [0, 0], [0, 0], [0, 0], [0, 0], [0, 0]]
[[0, 0], [6780, 24794], [7438, 0], [6695, 0], [6279, 0], [6042, 0], [6128, 0], [4854, 0], [10879, 0], [7859, 0], [7527, 0], [0, 0], [0, 0], [0, 0], [0, 0], [0, 0]]
[[0, 0], [0, 0], [6072, 26302], [10906, 37325], [9230, 0], [8104, 0], [6965, 0], [5673, 0], [6493, 0], [8174, 0], [14540, 0], [15386, 0], [7527, 0], [0, 0], [0, 0], [0, 0]]
[[0, 0], [0, 0], [0, 0], [0, 0], [5064, 26680], [8959, 37146], [10997, 37484], [11518, 43407], [8217, 0], [2735, 0], [1965, 0], [8158, 0], [15768, 0], [22922, 0], [22067, 0], [15386, 0]]
[[0, 0], [0, 0], [0, 0], [0, 0], [0, 0], [0, 0], [0, 0], [0, 0], [4399, 24287], [5900, 29300], [6720, 16091], [7208, 18751], [7457, 16050], [7830, 18659], [8685, 18845], [15366, 21417]]
#######################################

This is  the results from Sobel X for 'Ladner Fischer' Adder

[[0, 0], [0, 0], [0, 0], [0, 0], [0, 0], [0, 0], [0, 0], [0, 0], [0, 0], [0, 0], [0, 0], [0, 0], [0, 0], [0, 0], [0, 0], [0, 0]]
[[0, 0], [6780, 24794], [0, 0], [6695, 0], [0, 0], [6042, 0], [0, 0], [4854, 0], [0, 0], [7859, 0], [0, 0], [0, 0], [0, 0], [0, 0], [0, 0], [0, 0]]
[[0, 0], [0, 0], [0, 0], [10906, 37325], [0, 0], [0, 0], [0, 0], [5673, 0], [0, 0], [0, 0], [0, 0], [15386, 0], [0, 0], [0, 0], [0, 0], [0, 0]]
[[0, 0], [0, 0], [0, 0], [0, 0], [0, 0], [15714, 43909], [0, 0], [11518, 43407], [0, 0], [0, 0], [0, 0], [0, 0], [0, 0], [15386, 0], [0, 0], [15386, 0]]
[[0, 0], [0, 0], [0, 0], [0, 0], [0, 0], [0, 0], [0, 0], [0, 0], [0, 0], [16590, 39168], [0, 0], [15366, 21417], [0, 0], [15366, 21417], [0, 0], [15366, 21417]]
[[0, 0], [0, 0], [12833, 36718], [0, 0], [18348, 44305], [0, 0], [20418, 48222], [0, 0], [24918, 44714], [0, 0], [30752, 21417], [0, 0], [30752, 21417], [0, 0], [30752, 21417], [0, 0]]
